# Choice among nine celebrities (Rumelhart & Greeno, 1971, JMP)
#
      LBJ    HW   CDG    JU    CY   AJF    BB    ET    SL
LBJ     0   159   163   175   183   179   173   160   142
HW     75     0   138   164   172   160   156   122   122
CDG    71    96     0   145   157   138   140   122   120
JU     59    70    89     0   176   115   124    86    61
CY     51    62    77    58     0    77    95    72    61
AJF    55    74    96   119   157     0   134    92    71
BB     61    78    94   110   139   100     0    67    48
ET     74   112   112   148   162   142   167     0    87
SL     92   112   114   173   173   163   186   147     0
